{
  "globalSettings": {
    "calibrationMode": "TwoVanishingPoints",
    "imageOpacity": 1,
    "overlay3DGuide": "None"
  },
  "calibrationSettingsBase": {
    "referenceDistanceAxis": null,
    "referenceDistance": 4,
    "referenceDistanceUnit": "Meters",
    "cameraData": {
      "presetId": null,
      "presetData": null,
      "customSensorWidth": 36,
      "customSensorHeight": 24
    },
    "firstVanishingPointAxis": "xPositive",
    "secondVanishingPointAxis": "yPositive"
  },
  "calibrationSettings1VP": {
    "principalPointMode": "Default",
    "absoluteFocalLength": 24
  },
  "calibrationSettings2VP": {
    "principalPointMode": "Default",
    "quadModeEnabled": false
  },
  "controlPointsStateBase": {
    "principalPoint": {
      "x": 0.5,
      "y": 0.5
    },
    "origin": {
      "x": 0.5,
      "y": 0.5
    },
    "referenceDistanceAnchor": {
      "x": 0.5,
      "y": 0.5
    },
    "referenceDistanceHandleOffsets": [
      0.0,
      0.0
    ],
    "firstVanishingPoint": {
      "lineSegments": [
        [
          {
            "x": 0.25,
            "y": -0.23366383215073216
          },
          {
            "x": 0.75,
            "y": 0.1923022367453321
          }
        ],
        [
          {
            "x": 0.25,
            "y": 0.6179320610407043
          },
          {
            "x": 0.75,
            "y": 0.5724949050154902
          }
        ]
      ]
    }
  },
  "controlPointsState1VP": {
    "horizon": {
      "0": {
        "x": 0.5,
        "y": 0.25
      },
      "1": {
        "x": 0.5,
        "y": 0.75
      }
    }
  },
  "controlPointsState2VP": {
    "secondVanishingPoint": {
      "lineSegments": [
        [
          {
            "x": 0.25,
            "y": 0.3352409217577976
          },
          {
            "x": 0.75,
            "y": 0.15574595151219073
          }
        ],
        [
          {
            "x": 0.25,
            "y": 0.28966704977454294
          },
          {
            "x": 0.75,
            "y": 0.6229388029966673
          }
        ]
      ]
    }
  },
  "resultDisplaySettings": {
    "orientationFormat": "AxisAngleDegrees",
    "principalPointFormat": "Absolute",
    "fieldOfViewFormat": "Degrees",
    "displayAbsoluteFocalLength": false
  },
  "cameraParameters": {
    "principalPoint": {
      "x": 0,
      "y": 0
    },
    "viewTransform": {
      "rows": [
        [
          0.8687758556552011,
          -0.4613200642649587,
          0.18003419379981017,
          0
        ],
        [
          -0.03575737406781391,
          0.30416622691144846,
          0.9519476438366911,
          0
        ],
        [
          -0.49391286967475106,
          -0.833466678825871,
          0.2477566799434976,
          -10
        ],
        [
          0,
          0,
          0,
          1
        ]
      ]
    },
    "cameraTransform": {
      "rows": [
        [
          0.8687758556552012,
          -0.035757374067813895,
          -0.4939128696747512,
          -4.939128696747511
        ],
        [
          -0.46132006426495875,
          0.3041662269114485,
          -0.8334666788258712,
          -8.334666788258712
        ],
        [
          0.1800341937998102,
          0.9519476438366913,
          0.24775667994349765,
          2.4775667994349764
        ],
        [
          0,
          0,
          0,
          1
        ]
      ]
    },
    "horizontalFieldOfView": 1.8638728817632486,
    "verticalFieldOfView": 1.58047864196511,
    "vanishingPoints": [
      {
        "x": 1.3065126587406102,
        "y": -0.05377389525597415
      },
      {
        "x": -0.4111216272478675,
        "y": 0.2710684486722365
      },
      {
        "x": -0.5397415442353192,
        "y": -2.8539339137259545
      }
    ],
    "vanishingPointAxes": [
      "xPositive",
      "yPositive",
      "zPositive"
    ],
    "relativeFocalLength": 0.7427731932746884,
    "imageWidth": 640,
    "imageHeight": 480
  }
}