{
  "globalSettings": {
    "calibrationMode": "TwoVanishingPoints",
    "imageOpacity": 1,
    "overlay3DGuide": "None"
  },
  "calibrationSettingsBase": {
    "referenceDistanceAxis": null,
    "referenceDistance": 4,
    "referenceDistanceUnit": "Meters",
    "cameraData": {
      "presetId": null,
      "presetData": null,
      "customSensorWidth": 36,
      "customSensorHeight": 24
    },
    "firstVanishingPointAxis": "xPositive",
    "secondVanishingPointAxis": "yPositive"
  },
  "calibrationSettings1VP": {
    "principalPointMode": "Default",
    "absoluteFocalLength": 24
  },
  "calibrationSettings2VP": {
    "principalPointMode": "Default",
    "quadModeEnabled": false
  },
  "controlPointsStateBase": {
    "principalPoint": {
      "x": 0.5,
      "y": 0.5
    },
    "origin": {
      "x": 0.5,
      "y": 0.5
    },
    "referenceDistanceAnchor": {
      "x": 0.5,
      "y": 0.5
    },
    "referenceDistanceHandleOffsets": [
      0.0,
      0.0
    ],
    "firstVanishingPoint": {
      "lineSegments": [
        [
          {
            "x": 0.25,
            "y": 0.1823804251817497
          },
          {
            "x": 0.75,
            "y": 0.3127591023823605
          }
        ],
        [
          {
            "x": 0.25,
            "y": 0.6904477125602675
          },
          {
            "x": 0.75,
            "y": 0.6278328698712513
          }
        ]
      ]
    }
  },
  "controlPointsState1VP": {
    "horizon": {
      "0": {
        "x": 0.5,
        "y": 0.25
      },
      "1": {
        "x": 0.5,
        "y": 0.75
      }
    }
  },
  "controlPointsState2VP": {
    "secondVanishingPoint": {
      "lineSegments": [
        [
          {
            "x": 0.25,
            "y": 0.25444597393435286
          },
          {
            "x": 0.75,
            "y": 0.07563043084076426
          }
        ],
        [
          {
            "x": 0.25,
            "y": 0.6636783713476369
          },
          {
            "x": 0.75,
            "y": 0.7364009789299403
          }
        ]
      ]
    }
  },
  "resultDisplaySettings": {
    "orientationFormat": "AxisAngleDegrees",
    "principalPointFormat": "Absolute",
    "fieldOfViewFormat": "Degrees",
    "displayAbsoluteFocalLength": false
  },
  "cameraParameters": {
    "principalPoint": {
      "x": 0,
      "y": 0
    },
    "viewTransform": {
      "rows": [
        [
          0.7076192380453573,
          -0.7065597305301365,
          -0.0069542175180858645,
          0
        ],
        [
          -0.012746881383307717,
          -0.022605044122282845,
          0.9996632077831162,
          0
        ],
        [
          -0.7064789671059627,
          -0.7072922728076495,
          -0.025002197173080984,
          -10
        ],
        [
          0,
          0,
          0,
          1
        ]
      ]
    },
    "cameraTransform": {
      "rows": [
        [
          0.7076192380453572,
          -0.012746881383307715,
          -0.7064789671059627,
          -7.064789671059627
        ],
        [
          -0.7065597305301365,
          -0.022605044122282845,
          -0.7072922728076495,
          -7.072922728076495
        ],
        [
          -0.006954217518085863,
          0.999663207783116,
          -0.025002197173080977,
          -0.2500219717308098
        ],
        [
          0,
          0,
          0,
          1
        ]
      ]
    },
    "horizontalFieldOfView": 0.8781918130342438,
    "verticalFieldOfView": 0.6773688871046191,
    "vanishingPoints": [
      {
        "x": 2.132561381693446,
        "y": -0.03841544366453015
      },
      {
        "x": -2.126919798502382,
        "y": -0.06804678190990193
      },
      {
        "x": -0.5922038690927911,
        "y": 85.1288326686997
      }
    ],
    "vanishingPointAxes": [
      "xPositive",
      "yPositive",
      "zPositive"
    ],
    "relativeFocalLength": 2.129124932202987,
    "imageWidth": 1800,
    "imageHeight": 1350
  }
}