{
  "globalSettings": {
    "calibrationMode": "TwoVanishingPoints",
    "imageOpacity": 1,
    "overlay3DGuide": "None"
  },
  "calibrationSettingsBase": {
    "referenceDistanceAxis": null,
    "referenceDistance": 4,
    "referenceDistanceUnit": "Meters",
    "cameraData": {
      "presetId": null,
      "presetData": null,
      "customSensorWidth": 36,
      "customSensorHeight": 24
    },
    "firstVanishingPointAxis": "xPositive",
    "secondVanishingPointAxis": "yPositive"
  },
  "calibrationSettings1VP": {
    "principalPointMode": "Default",
    "absoluteFocalLength": 18
  },
  "calibrationSettings2VP": {
    "principalPointMode": "Default",
    "quadModeEnabled": false
  },
  "controlPointsStateBase": {
    "principalPoint": {
      "x": 0.5,
      "y": 0.5
    },
    "origin": {
      "x": 0.602536594761171,
      "y": 0.36081762673040585
    },
    "referenceDistanceAnchor": {
      "x": 0.602536594761171,
      "y": 0.36081762673040585
    },
    "referenceDistanceHandleOffsets": [
      0.13108430697783005,
      0.065990108556575
    ],
    "firstVanishingPoint": {
      "lineSegments": [
        [
          {
            "x": 0.9983016351492019,
            "y": 0.7174076452145155
          },
          {
            "x": 0.7659727402845247,
            "y": 0.5451035741295285
          }
        ],
        [
          {
            "x": 0.9983508992597733,
            "y": 0.15864328355670554
          },
          {
            "x": 0.7662521324890124,
            "y": 0.29570487043949245
          }
        ]
      ]
    }
  },
  "controlPointsState1VP": {
    "horizon": {
      "0": {
        "x": 0.571875,
        "y": 0.25535168195718655
      },
      "1": {
        "x": 0.57265625,
        "y": 0.6284403669724771
      }
    }
  },
  "controlPointsState2VP": {
    "secondVanishingPoint": {
      "lineSegments": [
        [
          {
            "x": 0.5727950962325962,
            "y": 0.6259123265874812
          },
          {
            "x": 0.7278184700263504,
            "y": 0.6285061496419866
          }
        ],
        [
          {
            "x": 0.5728795556920556,
            "y": 0.2563174150319183
          },
          {
            "x": 0.7284511926699425,
            "y": 0.25826506460778154
          }
        ]
      ]
    },
    "thirdVanishingPoint": {
      "lineSegments": [
        [
          {
            "x": 0.33624078624078624,
            "y": 0.6067665545026896
          },
          {
            "x": 0.30893837018837017,
            "y": 0.3142575174095972
          }
        ],
        [
          {
            "x": 0.6774662162162162,
            "y": 0.6094667009961638
          },
          {
            "x": 0.7070341932841933,
            "y": 0.35057030079777063
          }
        ]
      ]
    }
  },
  "cameraParameters": {
    "principalPoint": {
      "x": 0,
      "y": 0
    },
    "viewTransform": {
      "rows": [
        [
          0.03005013405268194,
          -0.9995219658276376,
          0.007268374747522441,
          0.3908441875597344
        ],
        [
          0.01822741097432512,
          0.007818418655003179,
          0.9998032975635298,
          0.2710670838067002
        ],
        [
          -0.9993821846183716,
          -0.029911739464460824,
          0.018453642177668532,
          -10
        ],
        [
          0,
          0,
          0,
          1
        ]
      ]
    },
    "cameraTransform": {
      "rows": [
        [
          0.03005013405268375,
          0.018227410974325106,
          -0.9993821846183717,
          -10.010507617551754
        ],
        [
          -0.999521965827638,
          0.00781841865500315,
          -0.029911739464459033,
          0.0894206400926298
        ],
        [
          0.007268374747522443,
          0.99980329756353,
          0.018453642177668535,
          -0.08931814449725833
        ],
        [
          0,
          0,
          0,
          1
        ]
      ]
    },
    "horizontalFieldOfView": 0.37665813463669096,
    "verticalFieldOfView": 0.19414464430577325,
    "vanishingPoints": [
      {
        "x": 0.15776840640463652,
        "y": 0.09569706335619503
      },
      {
        "x": -175.32986633976958,
        "y": 1.371457901512948
      },
      {
        "x": -2.0666191241956255,
        "y": -284.274364896079
      }
    ],
    "vanishingPointAxes": [
      "xPositive",
      "yPositive",
      "zPositive"
    ],
    "relativeFocalLength": 5.246929493891984,
    "imageWidth": 1920,
    "imageHeight": 981
  },
  "resultDisplaySettings": {
    "orientationFormat": "AxisAngleDegrees",
    "principalPointFormat": "Absolute",
    "fieldOfViewFormat": "Degrees",
    "displayAbsoluteFocalLength": false
  }
}